Time: 0
Waiting Clients
(1,1,36),
(12,1,8),
(22,1,29),
(26,1,36),
(27,1,28),
(31,1,29),
(32,1,11),
(36,1,34),
(41,1,34),
(44,1,23),
(47,1,29),
(2,2,24),
(4,2,31),
(5,2,13),
(16,2,37),
(17,2,30),
(18,2,20),
(21,2,34),
(25,2,26),
(40,2,7),
(45,2,18),
(23,3,19),
(48,3,15),
(7,4,11),
(8,4,30),
(9,4,16),
(13,4,36),
(19,4,26),
(28,4,13),
(29,4,20),
(35,4,5),
(38,4,32),
(14,5,5),
(15,5,11),
(24,5,24),
(30,5,23),
(43,5,33),
(46,5,11),
(3,6,34),
(6,6,26),
(20,6,18),
(33,6,17),
(39,6,9),
(42,6,19),
(49,6,4),
(0,7,36),
(10,7,3),
(11,7,19),
(34,7,31),
(37,7,17),

Queue 0:
closed
Queue 1:
closed
Queue 2:
closed
Queue 3:
closed
Queue 4:
closed

Time: 1
Waiting Clients
(2,2,24),
(4,2,31),
(5,2,13),
(16,2,37),
(17,2,30),
(18,2,20),
(21,2,34),
(25,2,26),
(40,2,7),
(45,2,18),
(23,3,19),
(48,3,15),
(7,4,11),
(8,4,30),
(9,4,16),
(13,4,36),
(19,4,26),
(28,4,13),
(29,4,20),
(35,4,5),
(38,4,32),
(14,5,5),
(15,5,11),
(24,5,24),
(30,5,23),
(43,5,33),
(46,5,11),
(3,6,34),
(6,6,26),
(20,6,18),
(33,6,17),
(39,6,9),
(42,6,19),
(49,6,4),
(0,7,36),
(10,7,3),
(11,7,19),
(34,7,31),
(37,7,17),

Queue 0:
(1,1,36),
(41,1,34),
Queue 1:
(12,1,8),
(31,1,29),
(47,1,29),
Queue 2:
(22,1,29),
(36,1,34),
Queue 3:
(26,1,36),
(44,1,23),
Queue 4:
(27,1,28),
(32,1,11),

Time: 2
Waiting Clients
(23,3,19),
(48,3,15),
(7,4,11),
(8,4,30),
(9,4,16),
(13,4,36),
(19,4,26),
(28,4,13),
(29,4,20),
(35,4,5),
(38,4,32),
(14,5,5),
(15,5,11),
(24,5,24),
(30,5,23),
(43,5,33),
(46,5,11),
(3,6,34),
(6,6,26),
(20,6,18),
(33,6,17),
(39,6,9),
(42,6,19),
(49,6,4),
(0,7,36),
(10,7,3),
(11,7,19),
(34,7,31),
(37,7,17),

Queue 0:
(1,1,35),
(41,1,34),
(18,2,20),
(25,2,26),
Queue 1:
(12,1,7),
(31,1,29),
(47,1,29),
(17,2,30),
(45,2,18),
Queue 2:
(22,1,28),
(36,1,34),
(5,2,13),
(21,2,34),
Queue 3:
(26,1,35),
(44,1,23),
(4,2,31),
(40,2,7),
Queue 4:
(27,1,27),
(32,1,11),
(2,2,24),
(16,2,37),

Time: 3
Waiting Clients
(7,4,11),
(8,4,30),
(9,4,16),
(13,4,36),
(19,4,26),
(28,4,13),
(29,4,20),
(35,4,5),
(38,4,32),
(14,5,5),
(15,5,11),
(24,5,24),
(30,5,23),
(43,5,33),
(46,5,11),
(3,6,34),
(6,6,26),
(20,6,18),
(33,6,17),
(39,6,9),
(42,6,19),
(49,6,4),
(0,7,36),
(10,7,3),
(11,7,19),
(34,7,31),
(37,7,17),

Queue 0:
(1,1,34),
(41,1,34),
(18,2,20),
(25,2,26),
Queue 1:
(12,1,6),
(31,1,29),
(47,1,29),
(17,2,30),
(45,2,18),
Queue 2:
(22,1,27),
(36,1,34),
(5,2,13),
(21,2,34),
Queue 3:
(26,1,34),
(44,1,23),
(4,2,31),
(40,2,7),
(23,3,19),
Queue 4:
(27,1,26),
(32,1,11),
(2,2,24),
(16,2,37),
(48,3,15),

Time: 4
Waiting Clients
(14,5,5),
(15,5,11),
(24,5,24),
(30,5,23),
(43,5,33),
(46,5,11),
(3,6,34),
(6,6,26),
(20,6,18),
(33,6,17),
(39,6,9),
(42,6,19),
(49,6,4),
(0,7,36),
(10,7,3),
(11,7,19),
(34,7,31),
(37,7,17),

Queue 0:
(1,1,33),
(41,1,34),
(18,2,20),
(25,2,26),
(13,4,36),
Queue 1:
(12,1,5),
(31,1,29),
(47,1,29),
(17,2,30),
(45,2,18),
(8,4,30),
Queue 2:
(22,1,26),
(36,1,34),
(5,2,13),
(21,2,34),
(7,4,11),
(28,4,13),
(35,4,5),
(38,4,32),
Queue 3:
(26,1,33),
(44,1,23),
(4,2,31),
(40,2,7),
(23,3,19),
(19,4,26),
Queue 4:
(27,1,25),
(32,1,11),
(2,2,24),
(16,2,37),
(48,3,15),
(9,4,16),
(29,4,20),

Time: 5
Waiting Clients
(3,6,34),
(6,6,26),
(20,6,18),
(33,6,17),
(39,6,9),
(42,6,19),
(49,6,4),
(0,7,36),
(10,7,3),
(11,7,19),
(34,7,31),
(37,7,17),

Queue 0:
(1,1,32),
(41,1,34),
(18,2,20),
(25,2,26),
(13,4,36),
(43,5,33),
Queue 1:
(12,1,4),
(31,1,29),
(47,1,29),
(17,2,30),
(45,2,18),
(8,4,30),
(15,5,11),
(46,5,11),
Queue 2:
(22,1,25),
(36,1,34),
(5,2,13),
(21,2,34),
(7,4,11),
(28,4,13),
(35,4,5),
(38,4,32),
Queue 3:
(26,1,32),
(44,1,23),
(4,2,31),
(40,2,7),
(23,3,19),
(19,4,26),
(14,5,5),
(24,5,24),
Queue 4:
(27,1,24),
(32,1,11),
(2,2,24),
(16,2,37),
(48,3,15),
(9,4,16),
(29,4,20),
(30,5,23),

Time: 6
Waiting Clients
(0,7,36),
(10,7,3),
(11,7,19),
(34,7,31),
(37,7,17),

Queue 0:
(1,1,31),
(41,1,34),
(18,2,20),
(25,2,26),
(13,4,36),
(43,5,33),
(39,6,9),
Queue 1:
(12,1,3),
(31,1,29),
(47,1,29),
(17,2,30),
(45,2,18),
(8,4,30),
(15,5,11),
(46,5,11),
(3,6,34),
Queue 2:
(22,1,24),
(36,1,34),
(5,2,13),
(21,2,34),
(7,4,11),
(28,4,13),
(35,4,5),
(38,4,32),
(6,6,26),
Queue 3:
(26,1,31),
(44,1,23),
(4,2,31),
(40,2,7),
(23,3,19),
(19,4,26),
(14,5,5),
(24,5,24),
(20,6,18),
(42,6,19),
Queue 4:
(27,1,23),
(32,1,11),
(2,2,24),
(16,2,37),
(48,3,15),
(9,4,16),
(29,4,20),
(30,5,23),
(33,6,17),
(49,6,4),

Time: 7
Waiting Clients
Queue 0:
(1,1,30),
(41,1,34),
(18,2,20),
(25,2,26),
(13,4,36),
(43,5,33),
(39,6,9),
(0,7,36),
Queue 1:
(12,1,2),
(31,1,29),
(47,1,29),
(17,2,30),
(45,2,18),
(8,4,30),
(15,5,11),
(46,5,11),
(3,6,34),
(37,7,17),
Queue 2:
(22,1,23),
(36,1,34),
(5,2,13),
(21,2,34),
(7,4,11),
(28,4,13),
(35,4,5),
(38,4,32),
(6,6,26),
(11,7,19),
Queue 3:
(26,1,30),
(44,1,23),
(4,2,31),
(40,2,7),
(23,3,19),
(19,4,26),
(14,5,5),
(24,5,24),
(20,6,18),
(42,6,19),
Queue 4:
(27,1,22),
(32,1,11),
(2,2,24),
(16,2,37),
(48,3,15),
(9,4,16),
(29,4,20),
(30,5,23),
(33,6,17),
(49,6,4),
(10,7,3),
(34,7,31),

Time: 8
Waiting Clients
Queue 0:
(1,1,29),
(41,1,34),
(18,2,20),
(25,2,26),
(13,4,36),
(43,5,33),
(39,6,9),
(0,7,36),
Queue 1:
(12,1,1),
(31,1,29),
(47,1,29),
(17,2,30),
(45,2,18),
(8,4,30),
(15,5,11),
(46,5,11),
(3,6,34),
(37,7,17),
Queue 2:
(22,1,22),
(36,1,34),
(5,2,13),
(21,2,34),
(7,4,11),
(28,4,13),
(35,4,5),
(38,4,32),
(6,6,26),
(11,7,19),
Queue 3:
(26,1,29),
(44,1,23),
(4,2,31),
(40,2,7),
(23,3,19),
(19,4,26),
(14,5,5),
(24,5,24),
(20,6,18),
(42,6,19),
Queue 4:
(27,1,21),
(32,1,11),
(2,2,24),
(16,2,37),
(48,3,15),
(9,4,16),
(29,4,20),
(30,5,23),
(33,6,17),
(49,6,4),
(10,7,3),
(34,7,31),

Time: 9
Waiting Clients
Queue 0:
(1,1,28),
(41,1,34),
(18,2,20),
(25,2,26),
(13,4,36),
(43,5,33),
(39,6,9),
(0,7,36),
Queue 1:
(31,1,29),
(47,1,29),
(17,2,30),
(45,2,18),
(8,4,30),
(15,5,11),
(46,5,11),
(3,6,34),
(37,7,17),
Queue 2:
(22,1,21),
(36,1,34),
(5,2,13),
(21,2,34),
(7,4,11),
(28,4,13),
(35,4,5),
(38,4,32),
(6,6,26),
(11,7,19),
Queue 3:
(26,1,28),
(44,1,23),
(4,2,31),
(40,2,7),
(23,3,19),
(19,4,26),
(14,5,5),
(24,5,24),
(20,6,18),
(42,6,19),
Queue 4:
(27,1,20),
(32,1,11),
(2,2,24),
(16,2,37),
(48,3,15),
(9,4,16),
(29,4,20),
(30,5,23),
(33,6,17),
(49,6,4),
(10,7,3),
(34,7,31),

Time: 10
Waiting Clients
Queue 0:
(1,1,27),
(41,1,34),
(18,2,20),
(25,2,26),
(13,4,36),
(43,5,33),
(39,6,9),
(0,7,36),
Queue 1:
(31,1,28),
(47,1,29),
(17,2,30),
(45,2,18),
(8,4,30),
(15,5,11),
(46,5,11),
(3,6,34),
(37,7,17),
Queue 2:
(22,1,20),
(36,1,34),
(5,2,13),
(21,2,34),
(7,4,11),
(28,4,13),
(35,4,5),
(38,4,32),
(6,6,26),
(11,7,19),
Queue 3:
(26,1,27),
(44,1,23),
(4,2,31),
(40,2,7),
(23,3,19),
(19,4,26),
(14,5,5),
(24,5,24),
(20,6,18),
(42,6,19),
Queue 4:
(27,1,19),
(32,1,11),
(2,2,24),
(16,2,37),
(48,3,15),
(9,4,16),
(29,4,20),
(30,5,23),
(33,6,17),
(49,6,4),
(10,7,3),
(34,7,31),

Time: 11
Waiting Clients
Queue 0:
(1,1,26),
(41,1,34),
(18,2,20),
(25,2,26),
(13,4,36),
(43,5,33),
(39,6,9),
(0,7,36),
Queue 1:
(31,1,27),
(47,1,29),
(17,2,30),
(45,2,18),
(8,4,30),
(15,5,11),
(46,5,11),
(3,6,34),
(37,7,17),
Queue 2:
(22,1,19),
(36,1,34),
(5,2,13),
(21,2,34),
(7,4,11),
(28,4,13),
(35,4,5),
(38,4,32),
(6,6,26),
(11,7,19),
Queue 3:
(26,1,26),
(44,1,23),
(4,2,31),
(40,2,7),
(23,3,19),
(19,4,26),
(14,5,5),
(24,5,24),
(20,6,18),
(42,6,19),
Queue 4:
(27,1,18),
(32,1,11),
(2,2,24),
(16,2,37),
(48,3,15),
(9,4,16),
(29,4,20),
(30,5,23),
(33,6,17),
(49,6,4),
(10,7,3),
(34,7,31),

Time: 12
Waiting Clients
Queue 0:
(1,1,25),
(41,1,34),
(18,2,20),
(25,2,26),
(13,4,36),
(43,5,33),
(39,6,9),
(0,7,36),
Queue 1:
(31,1,26),
(47,1,29),
(17,2,30),
(45,2,18),
(8,4,30),
(15,5,11),
(46,5,11),
(3,6,34),
(37,7,17),
Queue 2:
(22,1,18),
(36,1,34),
(5,2,13),
(21,2,34),
(7,4,11),
(28,4,13),
(35,4,5),
(38,4,32),
(6,6,26),
(11,7,19),
Queue 3:
(26,1,25),
(44,1,23),
(4,2,31),
(40,2,7),
(23,3,19),
(19,4,26),
(14,5,5),
(24,5,24),
(20,6,18),
(42,6,19),
Queue 4:
(27,1,17),
(32,1,11),
(2,2,24),
(16,2,37),
(48,3,15),
(9,4,16),
(29,4,20),
(30,5,23),
(33,6,17),
(49,6,4),
(10,7,3),
(34,7,31),

Time: 13
Waiting Clients
Queue 0:
(1,1,24),
(41,1,34),
(18,2,20),
(25,2,26),
(13,4,36),
(43,5,33),
(39,6,9),
(0,7,36),
Queue 1:
(31,1,25),
(47,1,29),
(17,2,30),
(45,2,18),
(8,4,30),
(15,5,11),
(46,5,11),
(3,6,34),
(37,7,17),
Queue 2:
(22,1,17),
(36,1,34),
(5,2,13),
(21,2,34),
(7,4,11),
(28,4,13),
(35,4,5),
(38,4,32),
(6,6,26),
(11,7,19),
Queue 3:
(26,1,24),
(44,1,23),
(4,2,31),
(40,2,7),
(23,3,19),
(19,4,26),
(14,5,5),
(24,5,24),
(20,6,18),
(42,6,19),
Queue 4:
(27,1,16),
(32,1,11),
(2,2,24),
(16,2,37),
(48,3,15),
(9,4,16),
(29,4,20),
(30,5,23),
(33,6,17),
(49,6,4),
(10,7,3),
(34,7,31),

Time: 14
Waiting Clients
Queue 0:
(1,1,23),
(41,1,34),
(18,2,20),
(25,2,26),
(13,4,36),
(43,5,33),
(39,6,9),
(0,7,36),
Queue 1:
(31,1,24),
(47,1,29),
(17,2,30),
(45,2,18),
(8,4,30),
(15,5,11),
(46,5,11),
(3,6,34),
(37,7,17),
Queue 2:
(22,1,16),
(36,1,34),
(5,2,13),
(21,2,34),
(7,4,11),
(28,4,13),
(35,4,5),
(38,4,32),
(6,6,26),
(11,7,19),
Queue 3:
(26,1,23),
(44,1,23),
(4,2,31),
(40,2,7),
(23,3,19),
(19,4,26),
(14,5,5),
(24,5,24),
(20,6,18),
(42,6,19),
Queue 4:
(27,1,15),
(32,1,11),
(2,2,24),
(16,2,37),
(48,3,15),
(9,4,16),
(29,4,20),
(30,5,23),
(33,6,17),
(49,6,4),
(10,7,3),
(34,7,31),

Time: 15
Waiting Clients
Queue 0:
(1,1,22),
(41,1,34),
(18,2,20),
(25,2,26),
(13,4,36),
(43,5,33),
(39,6,9),
(0,7,36),
Queue 1:
(31,1,23),
(47,1,29),
(17,2,30),
(45,2,18),
(8,4,30),
(15,5,11),
(46,5,11),
(3,6,34),
(37,7,17),
Queue 2:
(22,1,15),
(36,1,34),
(5,2,13),
(21,2,34),
(7,4,11),
(28,4,13),
(35,4,5),
(38,4,32),
(6,6,26),
(11,7,19),
Queue 3:
(26,1,22),
(44,1,23),
(4,2,31),
(40,2,7),
(23,3,19),
(19,4,26),
(14,5,5),
(24,5,24),
(20,6,18),
(42,6,19),
Queue 4:
(27,1,14),
(32,1,11),
(2,2,24),
(16,2,37),
(48,3,15),
(9,4,16),
(29,4,20),
(30,5,23),
(33,6,17),
(49,6,4),
(10,7,3),
(34,7,31),

Time: 16
Waiting Clients
Queue 0:
(1,1,21),
(41,1,34),
(18,2,20),
(25,2,26),
(13,4,36),
(43,5,33),
(39,6,9),
(0,7,36),
Queue 1:
(31,1,22),
(47,1,29),
(17,2,30),
(45,2,18),
(8,4,30),
(15,5,11),
(46,5,11),
(3,6,34),
(37,7,17),
Queue 2:
(22,1,14),
(36,1,34),
(5,2,13),
(21,2,34),
(7,4,11),
(28,4,13),
(35,4,5),
(38,4,32),
(6,6,26),
(11,7,19),
Queue 3:
(26,1,21),
(44,1,23),
(4,2,31),
(40,2,7),
(23,3,19),
(19,4,26),
(14,5,5),
(24,5,24),
(20,6,18),
(42,6,19),
Queue 4:
(27,1,13),
(32,1,11),
(2,2,24),
(16,2,37),
(48,3,15),
(9,4,16),
(29,4,20),
(30,5,23),
(33,6,17),
(49,6,4),
(10,7,3),
(34,7,31),

Time: 17
Waiting Clients
Queue 0:
(1,1,20),
(41,1,34),
(18,2,20),
(25,2,26),
(13,4,36),
(43,5,33),
(39,6,9),
(0,7,36),
Queue 1:
(31,1,21),
(47,1,29),
(17,2,30),
(45,2,18),
(8,4,30),
(15,5,11),
(46,5,11),
(3,6,34),
(37,7,17),
Queue 2:
(22,1,13),
(36,1,34),
(5,2,13),
(21,2,34),
(7,4,11),
(28,4,13),
(35,4,5),
(38,4,32),
(6,6,26),
(11,7,19),
Queue 3:
(26,1,20),
(44,1,23),
(4,2,31),
(40,2,7),
(23,3,19),
(19,4,26),
(14,5,5),
(24,5,24),
(20,6,18),
(42,6,19),
Queue 4:
(27,1,12),
(32,1,11),
(2,2,24),
(16,2,37),
(48,3,15),
(9,4,16),
(29,4,20),
(30,5,23),
(33,6,17),
(49,6,4),
(10,7,3),
(34,7,31),

Time: 18
Waiting Clients
Queue 0:
(1,1,19),
(41,1,34),
(18,2,20),
(25,2,26),
(13,4,36),
(43,5,33),
(39,6,9),
(0,7,36),
Queue 1:
(31,1,20),
(47,1,29),
(17,2,30),
(45,2,18),
(8,4,30),
(15,5,11),
(46,5,11),
(3,6,34),
(37,7,17),
Queue 2:
(22,1,12),
(36,1,34),
(5,2,13),
(21,2,34),
(7,4,11),
(28,4,13),
(35,4,5),
(38,4,32),
(6,6,26),
(11,7,19),
Queue 3:
(26,1,19),
(44,1,23),
(4,2,31),
(40,2,7),
(23,3,19),
(19,4,26),
(14,5,5),
(24,5,24),
(20,6,18),
(42,6,19),
Queue 4:
(27,1,11),
(32,1,11),
(2,2,24),
(16,2,37),
(48,3,15),
(9,4,16),
(29,4,20),
(30,5,23),
(33,6,17),
(49,6,4),
(10,7,3),
(34,7,31),

Time: 19
Waiting Clients
Queue 0:
(1,1,18),
(41,1,34),
(18,2,20),
(25,2,26),
(13,4,36),
(43,5,33),
(39,6,9),
(0,7,36),
Queue 1:
(31,1,19),
(47,1,29),
(17,2,30),
(45,2,18),
(8,4,30),
(15,5,11),
(46,5,11),
(3,6,34),
(37,7,17),
Queue 2:
(22,1,11),
(36,1,34),
(5,2,13),
(21,2,34),
(7,4,11),
(28,4,13),
(35,4,5),
(38,4,32),
(6,6,26),
(11,7,19),
Queue 3:
(26,1,18),
(44,1,23),
(4,2,31),
(40,2,7),
(23,3,19),
(19,4,26),
(14,5,5),
(24,5,24),
(20,6,18),
(42,6,19),
Queue 4:
(27,1,10),
(32,1,11),
(2,2,24),
(16,2,37),
(48,3,15),
(9,4,16),
(29,4,20),
(30,5,23),
(33,6,17),
(49,6,4),
(10,7,3),
(34,7,31),

Time: 20
Waiting Clients
Queue 0:
(1,1,17),
(41,1,34),
(18,2,20),
(25,2,26),
(13,4,36),
(43,5,33),
(39,6,9),
(0,7,36),
Queue 1:
(31,1,18),
(47,1,29),
(17,2,30),
(45,2,18),
(8,4,30),
(15,5,11),
(46,5,11),
(3,6,34),
(37,7,17),
Queue 2:
(22,1,10),
(36,1,34),
(5,2,13),
(21,2,34),
(7,4,11),
(28,4,13),
(35,4,5),
(38,4,32),
(6,6,26),
(11,7,19),
Queue 3:
(26,1,17),
(44,1,23),
(4,2,31),
(40,2,7),
(23,3,19),
(19,4,26),
(14,5,5),
(24,5,24),
(20,6,18),
(42,6,19),
Queue 4:
(27,1,9),
(32,1,11),
(2,2,24),
(16,2,37),
(48,3,15),
(9,4,16),
(29,4,20),
(30,5,23),
(33,6,17),
(49,6,4),
(10,7,3),
(34,7,31),

Time: 21
Waiting Clients
Queue 0:
(1,1,16),
(41,1,34),
(18,2,20),
(25,2,26),
(13,4,36),
(43,5,33),
(39,6,9),
(0,7,36),
Queue 1:
(31,1,17),
(47,1,29),
(17,2,30),
(45,2,18),
(8,4,30),
(15,5,11),
(46,5,11),
(3,6,34),
(37,7,17),
Queue 2:
(22,1,9),
(36,1,34),
(5,2,13),
(21,2,34),
(7,4,11),
(28,4,13),
(35,4,5),
(38,4,32),
(6,6,26),
(11,7,19),
Queue 3:
(26,1,16),
(44,1,23),
(4,2,31),
(40,2,7),
(23,3,19),
(19,4,26),
(14,5,5),
(24,5,24),
(20,6,18),
(42,6,19),
Queue 4:
(27,1,8),
(32,1,11),
(2,2,24),
(16,2,37),
(48,3,15),
(9,4,16),
(29,4,20),
(30,5,23),
(33,6,17),
(49,6,4),
(10,7,3),
(34,7,31),

Time: 22
Waiting Clients
Queue 0:
(1,1,15),
(41,1,34),
(18,2,20),
(25,2,26),
(13,4,36),
(43,5,33),
(39,6,9),
(0,7,36),
Queue 1:
(31,1,16),
(47,1,29),
(17,2,30),
(45,2,18),
(8,4,30),
(15,5,11),
(46,5,11),
(3,6,34),
(37,7,17),
Queue 2:
(22,1,8),
(36,1,34),
(5,2,13),
(21,2,34),
(7,4,11),
(28,4,13),
(35,4,5),
(38,4,32),
(6,6,26),
(11,7,19),
Queue 3:
(26,1,15),
(44,1,23),
(4,2,31),
(40,2,7),
(23,3,19),
(19,4,26),
(14,5,5),
(24,5,24),
(20,6,18),
(42,6,19),
Queue 4:
(27,1,7),
(32,1,11),
(2,2,24),
(16,2,37),
(48,3,15),
(9,4,16),
(29,4,20),
(30,5,23),
(33,6,17),
(49,6,4),
(10,7,3),
(34,7,31),

Time: 23
Waiting Clients
Queue 0:
(1,1,14),
(41,1,34),
(18,2,20),
(25,2,26),
(13,4,36),
(43,5,33),
(39,6,9),
(0,7,36),
Queue 1:
(31,1,15),
(47,1,29),
(17,2,30),
(45,2,18),
(8,4,30),
(15,5,11),
(46,5,11),
(3,6,34),
(37,7,17),
Queue 2:
(22,1,7),
(36,1,34),
(5,2,13),
(21,2,34),
(7,4,11),
(28,4,13),
(35,4,5),
(38,4,32),
(6,6,26),
(11,7,19),
Queue 3:
(26,1,14),
(44,1,23),
(4,2,31),
(40,2,7),
(23,3,19),
(19,4,26),
(14,5,5),
(24,5,24),
(20,6,18),
(42,6,19),
Queue 4:
(27,1,6),
(32,1,11),
(2,2,24),
(16,2,37),
(48,3,15),
(9,4,16),
(29,4,20),
(30,5,23),
(33,6,17),
(49,6,4),
(10,7,3),
(34,7,31),

Time: 24
Waiting Clients
Queue 0:
(1,1,13),
(41,1,34),
(18,2,20),
(25,2,26),
(13,4,36),
(43,5,33),
(39,6,9),
(0,7,36),
Queue 1:
(31,1,14),
(47,1,29),
(17,2,30),
(45,2,18),
(8,4,30),
(15,5,11),
(46,5,11),
(3,6,34),
(37,7,17),
Queue 2:
(22,1,6),
(36,1,34),
(5,2,13),
(21,2,34),
(7,4,11),
(28,4,13),
(35,4,5),
(38,4,32),
(6,6,26),
(11,7,19),
Queue 3:
(26,1,13),
(44,1,23),
(4,2,31),
(40,2,7),
(23,3,19),
(19,4,26),
(14,5,5),
(24,5,24),
(20,6,18),
(42,6,19),
Queue 4:
(27,1,5),
(32,1,11),
(2,2,24),
(16,2,37),
(48,3,15),
(9,4,16),
(29,4,20),
(30,5,23),
(33,6,17),
(49,6,4),
(10,7,3),
(34,7,31),

Time: 25
Waiting Clients
Queue 0:
(1,1,12),
(41,1,34),
(18,2,20),
(25,2,26),
(13,4,36),
(43,5,33),
(39,6,9),
(0,7,36),
Queue 1:
(31,1,13),
(47,1,29),
(17,2,30),
(45,2,18),
(8,4,30),
(15,5,11),
(46,5,11),
(3,6,34),
(37,7,17),
Queue 2:
(22,1,5),
(36,1,34),
(5,2,13),
(21,2,34),
(7,4,11),
(28,4,13),
(35,4,5),
(38,4,32),
(6,6,26),
(11,7,19),
Queue 3:
(26,1,12),
(44,1,23),
(4,2,31),
(40,2,7),
(23,3,19),
(19,4,26),
(14,5,5),
(24,5,24),
(20,6,18),
(42,6,19),
Queue 4:
(27,1,4),
(32,1,11),
(2,2,24),
(16,2,37),
(48,3,15),
(9,4,16),
(29,4,20),
(30,5,23),
(33,6,17),
(49,6,4),
(10,7,3),
(34,7,31),

Time: 26
Waiting Clients
Queue 0:
(1,1,11),
(41,1,34),
(18,2,20),
(25,2,26),
(13,4,36),
(43,5,33),
(39,6,9),
(0,7,36),
Queue 1:
(31,1,12),
(47,1,29),
(17,2,30),
(45,2,18),
(8,4,30),
(15,5,11),
(46,5,11),
(3,6,34),
(37,7,17),
Queue 2:
(22,1,4),
(36,1,34),
(5,2,13),
(21,2,34),
(7,4,11),
(28,4,13),
(35,4,5),
(38,4,32),
(6,6,26),
(11,7,19),
Queue 3:
(26,1,11),
(44,1,23),
(4,2,31),
(40,2,7),
(23,3,19),
(19,4,26),
(14,5,5),
(24,5,24),
(20,6,18),
(42,6,19),
Queue 4:
(27,1,3),
(32,1,11),
(2,2,24),
(16,2,37),
(48,3,15),
(9,4,16),
(29,4,20),
(30,5,23),
(33,6,17),
(49,6,4),
(10,7,3),
(34,7,31),

Time: 27
Waiting Clients
Queue 0:
(1,1,10),
(41,1,34),
(18,2,20),
(25,2,26),
(13,4,36),
(43,5,33),
(39,6,9),
(0,7,36),
Queue 1:
(31,1,11),
(47,1,29),
(17,2,30),
(45,2,18),
(8,4,30),
(15,5,11),
(46,5,11),
(3,6,34),
(37,7,17),
Queue 2:
(22,1,3),
(36,1,34),
(5,2,13),
(21,2,34),
(7,4,11),
(28,4,13),
(35,4,5),
(38,4,32),
(6,6,26),
(11,7,19),
Queue 3:
(26,1,10),
(44,1,23),
(4,2,31),
(40,2,7),
(23,3,19),
(19,4,26),
(14,5,5),
(24,5,24),
(20,6,18),
(42,6,19),
Queue 4:
(27,1,2),
(32,1,11),
(2,2,24),
(16,2,37),
(48,3,15),
(9,4,16),
(29,4,20),
(30,5,23),
(33,6,17),
(49,6,4),
(10,7,3),
(34,7,31),

Time: 28
Waiting Clients
Queue 0:
(1,1,9),
(41,1,34),
(18,2,20),
(25,2,26),
(13,4,36),
(43,5,33),
(39,6,9),
(0,7,36),
Queue 1:
(31,1,10),
(47,1,29),
(17,2,30),
(45,2,18),
(8,4,30),
(15,5,11),
(46,5,11),
(3,6,34),
(37,7,17),
Queue 2:
(22,1,2),
(36,1,34),
(5,2,13),
(21,2,34),
(7,4,11),
(28,4,13),
(35,4,5),
(38,4,32),
(6,6,26),
(11,7,19),
Queue 3:
(26,1,9),
(44,1,23),
(4,2,31),
(40,2,7),
(23,3,19),
(19,4,26),
(14,5,5),
(24,5,24),
(20,6,18),
(42,6,19),
Queue 4:
(27,1,1),
(32,1,11),
(2,2,24),
(16,2,37),
(48,3,15),
(9,4,16),
(29,4,20),
(30,5,23),
(33,6,17),
(49,6,4),
(10,7,3),
(34,7,31),

Time: 29
Waiting Clients
Queue 0:
(1,1,8),
(41,1,34),
(18,2,20),
(25,2,26),
(13,4,36),
(43,5,33),
(39,6,9),
(0,7,36),
Queue 1:
(31,1,9),
(47,1,29),
(17,2,30),
(45,2,18),
(8,4,30),
(15,5,11),
(46,5,11),
(3,6,34),
(37,7,17),
Queue 2:
(22,1,1),
(36,1,34),
(5,2,13),
(21,2,34),
(7,4,11),
(28,4,13),
(35,4,5),
(38,4,32),
(6,6,26),
(11,7,19),
Queue 3:
(26,1,8),
(44,1,23),
(4,2,31),
(40,2,7),
(23,3,19),
(19,4,26),
(14,5,5),
(24,5,24),
(20,6,18),
(42,6,19),
Queue 4:
(32,1,11),
(2,2,24),
(16,2,37),
(48,3,15),
(9,4,16),
(29,4,20),
(30,5,23),
(33,6,17),
(49,6,4),
(10,7,3),
(34,7,31),

Time: 30
Waiting Clients
Queue 0:
(1,1,7),
(41,1,34),
(18,2,20),
(25,2,26),
(13,4,36),
(43,5,33),
(39,6,9),
(0,7,36),
Queue 1:
(31,1,8),
(47,1,29),
(17,2,30),
(45,2,18),
(8,4,30),
(15,5,11),
(46,5,11),
(3,6,34),
(37,7,17),
Queue 2:
(36,1,34),
(5,2,13),
(21,2,34),
(7,4,11),
(28,4,13),
(35,4,5),
(38,4,32),
(6,6,26),
(11,7,19),
Queue 3:
(26,1,7),
(44,1,23),
(4,2,31),
(40,2,7),
(23,3,19),
(19,4,26),
(14,5,5),
(24,5,24),
(20,6,18),
(42,6,19),
Queue 4:
(32,1,10),
(2,2,24),
(16,2,37),
(48,3,15),
(9,4,16),
(29,4,20),
(30,5,23),
(33,6,17),
(49,6,4),
(10,7,3),
(34,7,31),

Time: 31
Waiting Clients
Queue 0:
(1,1,6),
(41,1,34),
(18,2,20),
(25,2,26),
(13,4,36),
(43,5,33),
(39,6,9),
(0,7,36),
Queue 1:
(31,1,7),
(47,1,29),
(17,2,30),
(45,2,18),
(8,4,30),
(15,5,11),
(46,5,11),
(3,6,34),
(37,7,17),
Queue 2:
(36,1,33),
(5,2,13),
(21,2,34),
(7,4,11),
(28,4,13),
(35,4,5),
(38,4,32),
(6,6,26),
(11,7,19),
Queue 3:
(26,1,6),
(44,1,23),
(4,2,31),
(40,2,7),
(23,3,19),
(19,4,26),
(14,5,5),
(24,5,24),
(20,6,18),
(42,6,19),
Queue 4:
(32,1,9),
(2,2,24),
(16,2,37),
(48,3,15),
(9,4,16),
(29,4,20),
(30,5,23),
(33,6,17),
(49,6,4),
(10,7,3),
(34,7,31),

Time: 32
Waiting Clients
Queue 0:
(1,1,5),
(41,1,34),
(18,2,20),
(25,2,26),
(13,4,36),
(43,5,33),
(39,6,9),
(0,7,36),
Queue 1:
(31,1,6),
(47,1,29),
(17,2,30),
(45,2,18),
(8,4,30),
(15,5,11),
(46,5,11),
(3,6,34),
(37,7,17),
Queue 2:
(36,1,32),
(5,2,13),
(21,2,34),
(7,4,11),
(28,4,13),
(35,4,5),
(38,4,32),
(6,6,26),
(11,7,19),
Queue 3:
(26,1,5),
(44,1,23),
(4,2,31),
(40,2,7),
(23,3,19),
(19,4,26),
(14,5,5),
(24,5,24),
(20,6,18),
(42,6,19),
Queue 4:
(32,1,8),
(2,2,24),
(16,2,37),
(48,3,15),
(9,4,16),
(29,4,20),
(30,5,23),
(33,6,17),
(49,6,4),
(10,7,3),
(34,7,31),

Time: 33
Waiting Clients
Queue 0:
(1,1,4),
(41,1,34),
(18,2,20),
(25,2,26),
(13,4,36),
(43,5,33),
(39,6,9),
(0,7,36),
Queue 1:
(31,1,5),
(47,1,29),
(17,2,30),
(45,2,18),
(8,4,30),
(15,5,11),
(46,5,11),
(3,6,34),
(37,7,17),
Queue 2:
(36,1,31),
(5,2,13),
(21,2,34),
(7,4,11),
(28,4,13),
(35,4,5),
(38,4,32),
(6,6,26),
(11,7,19),
Queue 3:
(26,1,4),
(44,1,23),
(4,2,31),
(40,2,7),
(23,3,19),
(19,4,26),
(14,5,5),
(24,5,24),
(20,6,18),
(42,6,19),
Queue 4:
(32,1,7),
(2,2,24),
(16,2,37),
(48,3,15),
(9,4,16),
(29,4,20),
(30,5,23),
(33,6,17),
(49,6,4),
(10,7,3),
(34,7,31),

Time: 34
Waiting Clients
Queue 0:
(1,1,3),
(41,1,34),
(18,2,20),
(25,2,26),
(13,4,36),
(43,5,33),
(39,6,9),
(0,7,36),
Queue 1:
(31,1,4),
(47,1,29),
(17,2,30),
(45,2,18),
(8,4,30),
(15,5,11),
(46,5,11),
(3,6,34),
(37,7,17),
Queue 2:
(36,1,30),
(5,2,13),
(21,2,34),
(7,4,11),
(28,4,13),
(35,4,5),
(38,4,32),
(6,6,26),
(11,7,19),
Queue 3:
(26,1,3),
(44,1,23),
(4,2,31),
(40,2,7),
(23,3,19),
(19,4,26),
(14,5,5),
(24,5,24),
(20,6,18),
(42,6,19),
Queue 4:
(32,1,6),
(2,2,24),
(16,2,37),
(48,3,15),
(9,4,16),
(29,4,20),
(30,5,23),
(33,6,17),
(49,6,4),
(10,7,3),
(34,7,31),

Time: 35
Waiting Clients
Queue 0:
(1,1,2),
(41,1,34),
(18,2,20),
(25,2,26),
(13,4,36),
(43,5,33),
(39,6,9),
(0,7,36),
Queue 1:
(31,1,3),
(47,1,29),
(17,2,30),
(45,2,18),
(8,4,30),
(15,5,11),
(46,5,11),
(3,6,34),
(37,7,17),
Queue 2:
(36,1,29),
(5,2,13),
(21,2,34),
(7,4,11),
(28,4,13),
(35,4,5),
(38,4,32),
(6,6,26),
(11,7,19),
Queue 3:
(26,1,2),
(44,1,23),
(4,2,31),
(40,2,7),
(23,3,19),
(19,4,26),
(14,5,5),
(24,5,24),
(20,6,18),
(42,6,19),
Queue 4:
(32,1,5),
(2,2,24),
(16,2,37),
(48,3,15),
(9,4,16),
(29,4,20),
(30,5,23),
(33,6,17),
(49,6,4),
(10,7,3),
(34,7,31),

Time: 36
Waiting Clients
Queue 0:
(1,1,1),
(41,1,34),
(18,2,20),
(25,2,26),
(13,4,36),
(43,5,33),
(39,6,9),
(0,7,36),
Queue 1:
(31,1,2),
(47,1,29),
(17,2,30),
(45,2,18),
(8,4,30),
(15,5,11),
(46,5,11),
(3,6,34),
(37,7,17),
Queue 2:
(36,1,28),
(5,2,13),
(21,2,34),
(7,4,11),
(28,4,13),
(35,4,5),
(38,4,32),
(6,6,26),
(11,7,19),
Queue 3:
(26,1,1),
(44,1,23),
(4,2,31),
(40,2,7),
(23,3,19),
(19,4,26),
(14,5,5),
(24,5,24),
(20,6,18),
(42,6,19),
Queue 4:
(32,1,4),
(2,2,24),
(16,2,37),
(48,3,15),
(9,4,16),
(29,4,20),
(30,5,23),
(33,6,17),
(49,6,4),
(10,7,3),
(34,7,31),

Time: 37
Waiting Clients
Queue 0:
(41,1,34),
(18,2,20),
(25,2,26),
(13,4,36),
(43,5,33),
(39,6,9),
(0,7,36),
Queue 1:
(31,1,1),
(47,1,29),
(17,2,30),
(45,2,18),
(8,4,30),
(15,5,11),
(46,5,11),
(3,6,34),
(37,7,17),
Queue 2:
(36,1,27),
(5,2,13),
(21,2,34),
(7,4,11),
(28,4,13),
(35,4,5),
(38,4,32),
(6,6,26),
(11,7,19),
Queue 3:
(44,1,23),
(4,2,31),
(40,2,7),
(23,3,19),
(19,4,26),
(14,5,5),
(24,5,24),
(20,6,18),
(42,6,19),
Queue 4:
(32,1,3),
(2,2,24),
(16,2,37),
(48,3,15),
(9,4,16),
(29,4,20),
(30,5,23),
(33,6,17),
(49,6,4),
(10,7,3),
(34,7,31),

Time: 38
Waiting Clients
Queue 0:
(41,1,33),
(18,2,20),
(25,2,26),
(13,4,36),
(43,5,33),
(39,6,9),
(0,7,36),
Queue 1:
(47,1,29),
(17,2,30),
(45,2,18),
(8,4,30),
(15,5,11),
(46,5,11),
(3,6,34),
(37,7,17),
Queue 2:
(36,1,26),
(5,2,13),
(21,2,34),
(7,4,11),
(28,4,13),
(35,4,5),
(38,4,32),
(6,6,26),
(11,7,19),
Queue 3:
(44,1,22),
(4,2,31),
(40,2,7),
(23,3,19),
(19,4,26),
(14,5,5),
(24,5,24),
(20,6,18),
(42,6,19),
Queue 4:
(32,1,2),
(2,2,24),
(16,2,37),
(48,3,15),
(9,4,16),
(29,4,20),
(30,5,23),
(33,6,17),
(49,6,4),
(10,7,3),
(34,7,31),

Time: 39
Waiting Clients
Queue 0:
(41,1,32),
(18,2,20),
(25,2,26),
(13,4,36),
(43,5,33),
(39,6,9),
(0,7,36),
Queue 1:
(47,1,28),
(17,2,30),
(45,2,18),
(8,4,30),
(15,5,11),
(46,5,11),
(3,6,34),
(37,7,17),
Queue 2:
(36,1,25),
(5,2,13),
(21,2,34),
(7,4,11),
(28,4,13),
(35,4,5),
(38,4,32),
(6,6,26),
(11,7,19),
Queue 3:
(44,1,21),
(4,2,31),
(40,2,7),
(23,3,19),
(19,4,26),
(14,5,5),
(24,5,24),
(20,6,18),
(42,6,19),
Queue 4:
(32,1,1),
(2,2,24),
(16,2,37),
(48,3,15),
(9,4,16),
(29,4,20),
(30,5,23),
(33,6,17),
(49,6,4),
(10,7,3),
(34,7,31),

Time: 40
Waiting Clients
Queue 0:
(41,1,31),
(18,2,20),
(25,2,26),
(13,4,36),
(43,5,33),
(39,6,9),
(0,7,36),
Queue 1:
(47,1,27),
(17,2,30),
(45,2,18),
(8,4,30),
(15,5,11),
(46,5,11),
(3,6,34),
(37,7,17),
Queue 2:
(36,1,24),
(5,2,13),
(21,2,34),
(7,4,11),
(28,4,13),
(35,4,5),
(38,4,32),
(6,6,26),
(11,7,19),
Queue 3:
(44,1,20),
(4,2,31),
(40,2,7),
(23,3,19),
(19,4,26),
(14,5,5),
(24,5,24),
(20,6,18),
(42,6,19),
Queue 4:
(2,2,24),
(16,2,37),
(48,3,15),
(9,4,16),
(29,4,20),
(30,5,23),
(33,6,17),
(49,6,4),
(10,7,3),
(34,7,31),

Time: 41
Waiting Clients
Queue 0:
(41,1,30),
(18,2,20),
(25,2,26),
(13,4,36),
(43,5,33),
(39,6,9),
(0,7,36),
Queue 1:
(47,1,26),
(17,2,30),
(45,2,18),
(8,4,30),
(15,5,11),
(46,5,11),
(3,6,34),
(37,7,17),
Queue 2:
(36,1,23),
(5,2,13),
(21,2,34),
(7,4,11),
(28,4,13),
(35,4,5),
(38,4,32),
(6,6,26),
(11,7,19),
Queue 3:
(44,1,19),
(4,2,31),
(40,2,7),
(23,3,19),
(19,4,26),
(14,5,5),
(24,5,24),
(20,6,18),
(42,6,19),
Queue 4:
(2,2,23),
(16,2,37),
(48,3,15),
(9,4,16),
(29,4,20),
(30,5,23),
(33,6,17),
(49,6,4),
(10,7,3),
(34,7,31),

Time: 42
Waiting Clients
Queue 0:
(41,1,29),
(18,2,20),
(25,2,26),
(13,4,36),
(43,5,33),
(39,6,9),
(0,7,36),
Queue 1:
(47,1,25),
(17,2,30),
(45,2,18),
(8,4,30),
(15,5,11),
(46,5,11),
(3,6,34),
(37,7,17),
Queue 2:
(36,1,22),
(5,2,13),
(21,2,34),
(7,4,11),
(28,4,13),
(35,4,5),
(38,4,32),
(6,6,26),
(11,7,19),
Queue 3:
(44,1,18),
(4,2,31),
(40,2,7),
(23,3,19),
(19,4,26),
(14,5,5),
(24,5,24),
(20,6,18),
(42,6,19),
Queue 4:
(2,2,22),
(16,2,37),
(48,3,15),
(9,4,16),
(29,4,20),
(30,5,23),
(33,6,17),
(49,6,4),
(10,7,3),
(34,7,31),

Time: 43
Waiting Clients
Queue 0:
(41,1,28),
(18,2,20),
(25,2,26),
(13,4,36),
(43,5,33),
(39,6,9),
(0,7,36),
Queue 1:
(47,1,24),
(17,2,30),
(45,2,18),
(8,4,30),
(15,5,11),
(46,5,11),
(3,6,34),
(37,7,17),
Queue 2:
(36,1,21),
(5,2,13),
(21,2,34),
(7,4,11),
(28,4,13),
(35,4,5),
(38,4,32),
(6,6,26),
(11,7,19),
Queue 3:
(44,1,17),
(4,2,31),
(40,2,7),
(23,3,19),
(19,4,26),
(14,5,5),
(24,5,24),
(20,6,18),
(42,6,19),
Queue 4:
(2,2,21),
(16,2,37),
(48,3,15),
(9,4,16),
(29,4,20),
(30,5,23),
(33,6,17),
(49,6,4),
(10,7,3),
(34,7,31),

Time: 44
Waiting Clients
Queue 0:
(41,1,27),
(18,2,20),
(25,2,26),
(13,4,36),
(43,5,33),
(39,6,9),
(0,7,36),
Queue 1:
(47,1,23),
(17,2,30),
(45,2,18),
(8,4,30),
(15,5,11),
(46,5,11),
(3,6,34),
(37,7,17),
Queue 2:
(36,1,20),
(5,2,13),
(21,2,34),
(7,4,11),
(28,4,13),
(35,4,5),
(38,4,32),
(6,6,26),
(11,7,19),
Queue 3:
(44,1,16),
(4,2,31),
(40,2,7),
(23,3,19),
(19,4,26),
(14,5,5),
(24,5,24),
(20,6,18),
(42,6,19),
Queue 4:
(2,2,20),
(16,2,37),
(48,3,15),
(9,4,16),
(29,4,20),
(30,5,23),
(33,6,17),
(49,6,4),
(10,7,3),
(34,7,31),

Time: 45
Waiting Clients
Queue 0:
(41,1,26),
(18,2,20),
(25,2,26),
(13,4,36),
(43,5,33),
(39,6,9),
(0,7,36),
Queue 1:
(47,1,22),
(17,2,30),
(45,2,18),
(8,4,30),
(15,5,11),
(46,5,11),
(3,6,34),
(37,7,17),
Queue 2:
(36,1,19),
(5,2,13),
(21,2,34),
(7,4,11),
(28,4,13),
(35,4,5),
(38,4,32),
(6,6,26),
(11,7,19),
Queue 3:
(44,1,15),
(4,2,31),
(40,2,7),
(23,3,19),
(19,4,26),
(14,5,5),
(24,5,24),
(20,6,18),
(42,6,19),
Queue 4:
(2,2,19),
(16,2,37),
(48,3,15),
(9,4,16),
(29,4,20),
(30,5,23),
(33,6,17),
(49,6,4),
(10,7,3),
(34,7,31),

Time: 46
Waiting Clients
Queue 0:
(41,1,25),
(18,2,20),
(25,2,26),
(13,4,36),
(43,5,33),
(39,6,9),
(0,7,36),
Queue 1:
(47,1,21),
(17,2,30),
(45,2,18),
(8,4,30),
(15,5,11),
(46,5,11),
(3,6,34),
(37,7,17),
Queue 2:
(36,1,18),
(5,2,13),
(21,2,34),
(7,4,11),
(28,4,13),
(35,4,5),
(38,4,32),
(6,6,26),
(11,7,19),
Queue 3:
(44,1,14),
(4,2,31),
(40,2,7),
(23,3,19),
(19,4,26),
(14,5,5),
(24,5,24),
(20,6,18),
(42,6,19),
Queue 4:
(2,2,18),
(16,2,37),
(48,3,15),
(9,4,16),
(29,4,20),
(30,5,23),
(33,6,17),
(49,6,4),
(10,7,3),
(34,7,31),

Time: 47
Waiting Clients
Queue 0:
(41,1,24),
(18,2,20),
(25,2,26),
(13,4,36),
(43,5,33),
(39,6,9),
(0,7,36),
Queue 1:
(47,1,20),
(17,2,30),
(45,2,18),
(8,4,30),
(15,5,11),
(46,5,11),
(3,6,34),
(37,7,17),
Queue 2:
(36,1,17),
(5,2,13),
(21,2,34),
(7,4,11),
(28,4,13),
(35,4,5),
(38,4,32),
(6,6,26),
(11,7,19),
Queue 3:
(44,1,13),
(4,2,31),
(40,2,7),
(23,3,19),
(19,4,26),
(14,5,5),
(24,5,24),
(20,6,18),
(42,6,19),
Queue 4:
(2,2,17),
(16,2,37),
(48,3,15),
(9,4,16),
(29,4,20),
(30,5,23),
(33,6,17),
(49,6,4),
(10,7,3),
(34,7,31),

Time: 48
Waiting Clients
Queue 0:
(41,1,23),
(18,2,20),
(25,2,26),
(13,4,36),
(43,5,33),
(39,6,9),
(0,7,36),
Queue 1:
(47,1,19),
(17,2,30),
(45,2,18),
(8,4,30),
(15,5,11),
(46,5,11),
(3,6,34),
(37,7,17),
Queue 2:
(36,1,16),
(5,2,13),
(21,2,34),
(7,4,11),
(28,4,13),
(35,4,5),
(38,4,32),
(6,6,26),
(11,7,19),
Queue 3:
(44,1,12),
(4,2,31),
(40,2,7),
(23,3,19),
(19,4,26),
(14,5,5),
(24,5,24),
(20,6,18),
(42,6,19),
Queue 4:
(2,2,16),
(16,2,37),
(48,3,15),
(9,4,16),
(29,4,20),
(30,5,23),
(33,6,17),
(49,6,4),
(10,7,3),
(34,7,31),

Time: 49
Waiting Clients
Queue 0:
(41,1,22),
(18,2,20),
(25,2,26),
(13,4,36),
(43,5,33),
(39,6,9),
(0,7,36),
Queue 1:
(47,1,18),
(17,2,30),
(45,2,18),
(8,4,30),
(15,5,11),
(46,5,11),
(3,6,34),
(37,7,17),
Queue 2:
(36,1,15),
(5,2,13),
(21,2,34),
(7,4,11),
(28,4,13),
(35,4,5),
(38,4,32),
(6,6,26),
(11,7,19),
Queue 3:
(44,1,11),
(4,2,31),
(40,2,7),
(23,3,19),
(19,4,26),
(14,5,5),
(24,5,24),
(20,6,18),
(42,6,19),
Queue 4:
(2,2,15),
(16,2,37),
(48,3,15),
(9,4,16),
(29,4,20),
(30,5,23),
(33,6,17),
(49,6,4),
(10,7,3),
(34,7,31),

Time: 50
Waiting Clients
Queue 0:
(41,1,21),
(18,2,20),
(25,2,26),
(13,4,36),
(43,5,33),
(39,6,9),
(0,7,36),
Queue 1:
(47,1,17),
(17,2,30),
(45,2,18),
(8,4,30),
(15,5,11),
(46,5,11),
(3,6,34),
(37,7,17),
Queue 2:
(36,1,14),
(5,2,13),
(21,2,34),
(7,4,11),
(28,4,13),
(35,4,5),
(38,4,32),
(6,6,26),
(11,7,19),
Queue 3:
(44,1,10),
(4,2,31),
(40,2,7),
(23,3,19),
(19,4,26),
(14,5,5),
(24,5,24),
(20,6,18),
(42,6,19),
Queue 4:
(2,2,14),
(16,2,37),
(48,3,15),
(9,4,16),
(29,4,20),
(30,5,23),
(33,6,17),
(49,6,4),
(10,7,3),
(34,7,31),

Time: 51
Waiting Clients
Queue 0:
(41,1,20),
(18,2,20),
(25,2,26),
(13,4,36),
(43,5,33),
(39,6,9),
(0,7,36),
Queue 1:
(47,1,16),
(17,2,30),
(45,2,18),
(8,4,30),
(15,5,11),
(46,5,11),
(3,6,34),
(37,7,17),
Queue 2:
(36,1,13),
(5,2,13),
(21,2,34),
(7,4,11),
(28,4,13),
(35,4,5),
(38,4,32),
(6,6,26),
(11,7,19),
Queue 3:
(44,1,9),
(4,2,31),
(40,2,7),
(23,3,19),
(19,4,26),
(14,5,5),
(24,5,24),
(20,6,18),
(42,6,19),
Queue 4:
(2,2,13),
(16,2,37),
(48,3,15),
(9,4,16),
(29,4,20),
(30,5,23),
(33,6,17),
(49,6,4),
(10,7,3),
(34,7,31),

Time: 52
Waiting Clients
Queue 0:
(41,1,19),
(18,2,20),
(25,2,26),
(13,4,36),
(43,5,33),
(39,6,9),
(0,7,36),
Queue 1:
(47,1,15),
(17,2,30),
(45,2,18),
(8,4,30),
(15,5,11),
(46,5,11),
(3,6,34),
(37,7,17),
Queue 2:
(36,1,12),
(5,2,13),
(21,2,34),
(7,4,11),
(28,4,13),
(35,4,5),
(38,4,32),
(6,6,26),
(11,7,19),
Queue 3:
(44,1,8),
(4,2,31),
(40,2,7),
(23,3,19),
(19,4,26),
(14,5,5),
(24,5,24),
(20,6,18),
(42,6,19),
Queue 4:
(2,2,12),
(16,2,37),
(48,3,15),
(9,4,16),
(29,4,20),
(30,5,23),
(33,6,17),
(49,6,4),
(10,7,3),
(34,7,31),

Time: 53
Waiting Clients
Queue 0:
(41,1,18),
(18,2,20),
(25,2,26),
(13,4,36),
(43,5,33),
(39,6,9),
(0,7,36),
Queue 1:
(47,1,14),
(17,2,30),
(45,2,18),
(8,4,30),
(15,5,11),
(46,5,11),
(3,6,34),
(37,7,17),
Queue 2:
(36,1,11),
(5,2,13),
(21,2,34),
(7,4,11),
(28,4,13),
(35,4,5),
(38,4,32),
(6,6,26),
(11,7,19),
Queue 3:
(44,1,7),
(4,2,31),
(40,2,7),
(23,3,19),
(19,4,26),
(14,5,5),
(24,5,24),
(20,6,18),
(42,6,19),
Queue 4:
(2,2,11),
(16,2,37),
(48,3,15),
(9,4,16),
(29,4,20),
(30,5,23),
(33,6,17),
(49,6,4),
(10,7,3),
(34,7,31),

Time: 54
Waiting Clients
Queue 0:
(41,1,17),
(18,2,20),
(25,2,26),
(13,4,36),
(43,5,33),
(39,6,9),
(0,7,36),
Queue 1:
(47,1,13),
(17,2,30),
(45,2,18),
(8,4,30),
(15,5,11),
(46,5,11),
(3,6,34),
(37,7,17),
Queue 2:
(36,1,10),
(5,2,13),
(21,2,34),
(7,4,11),
(28,4,13),
(35,4,5),
(38,4,32),
(6,6,26),
(11,7,19),
Queue 3:
(44,1,6),
(4,2,31),
(40,2,7),
(23,3,19),
(19,4,26),
(14,5,5),
(24,5,24),
(20,6,18),
(42,6,19),
Queue 4:
(2,2,10),
(16,2,37),
(48,3,15),
(9,4,16),
(29,4,20),
(30,5,23),
(33,6,17),
(49,6,4),
(10,7,3),
(34,7,31),

Time: 55
Waiting Clients
Queue 0:
(41,1,16),
(18,2,20),
(25,2,26),
(13,4,36),
(43,5,33),
(39,6,9),
(0,7,36),
Queue 1:
(47,1,12),
(17,2,30),
(45,2,18),
(8,4,30),
(15,5,11),
(46,5,11),
(3,6,34),
(37,7,17),
Queue 2:
(36,1,9),
(5,2,13),
(21,2,34),
(7,4,11),
(28,4,13),
(35,4,5),
(38,4,32),
(6,6,26),
(11,7,19),
Queue 3:
(44,1,5),
(4,2,31),
(40,2,7),
(23,3,19),
(19,4,26),
(14,5,5),
(24,5,24),
(20,6,18),
(42,6,19),
Queue 4:
(2,2,9),
(16,2,37),
(48,3,15),
(9,4,16),
(29,4,20),
(30,5,23),
(33,6,17),
(49,6,4),
(10,7,3),
(34,7,31),

Time: 56
Waiting Clients
Queue 0:
(41,1,15),
(18,2,20),
(25,2,26),
(13,4,36),
(43,5,33),
(39,6,9),
(0,7,36),
Queue 1:
(47,1,11),
(17,2,30),
(45,2,18),
(8,4,30),
(15,5,11),
(46,5,11),
(3,6,34),
(37,7,17),
Queue 2:
(36,1,8),
(5,2,13),
(21,2,34),
(7,4,11),
(28,4,13),
(35,4,5),
(38,4,32),
(6,6,26),
(11,7,19),
Queue 3:
(44,1,4),
(4,2,31),
(40,2,7),
(23,3,19),
(19,4,26),
(14,5,5),
(24,5,24),
(20,6,18),
(42,6,19),
Queue 4:
(2,2,8),
(16,2,37),
(48,3,15),
(9,4,16),
(29,4,20),
(30,5,23),
(33,6,17),
(49,6,4),
(10,7,3),
(34,7,31),

Time: 57
Waiting Clients
Queue 0:
(41,1,14),
(18,2,20),
(25,2,26),
(13,4,36),
(43,5,33),
(39,6,9),
(0,7,36),
Queue 1:
(47,1,10),
(17,2,30),
(45,2,18),
(8,4,30),
(15,5,11),
(46,5,11),
(3,6,34),
(37,7,17),
Queue 2:
(36,1,7),
(5,2,13),
(21,2,34),
(7,4,11),
(28,4,13),
(35,4,5),
(38,4,32),
(6,6,26),
(11,7,19),
Queue 3:
(44,1,3),
(4,2,31),
(40,2,7),
(23,3,19),
(19,4,26),
(14,5,5),
(24,5,24),
(20,6,18),
(42,6,19),
Queue 4:
(2,2,7),
(16,2,37),
(48,3,15),
(9,4,16),
(29,4,20),
(30,5,23),
(33,6,17),
(49,6,4),
(10,7,3),
(34,7,31),

Time: 58
Waiting Clients
Queue 0:
(41,1,13),
(18,2,20),
(25,2,26),
(13,4,36),
(43,5,33),
(39,6,9),
(0,7,36),
Queue 1:
(47,1,9),
(17,2,30),
(45,2,18),
(8,4,30),
(15,5,11),
(46,5,11),
(3,6,34),
(37,7,17),
Queue 2:
(36,1,6),
(5,2,13),
(21,2,34),
(7,4,11),
(28,4,13),
(35,4,5),
(38,4,32),
(6,6,26),
(11,7,19),
Queue 3:
(44,1,2),
(4,2,31),
(40,2,7),
(23,3,19),
(19,4,26),
(14,5,5),
(24,5,24),
(20,6,18),
(42,6,19),
Queue 4:
(2,2,6),
(16,2,37),
(48,3,15),
(9,4,16),
(29,4,20),
(30,5,23),
(33,6,17),
(49,6,4),
(10,7,3),
(34,7,31),

Time: 59
Waiting Clients
Queue 0:
(41,1,12),
(18,2,20),
(25,2,26),
(13,4,36),
(43,5,33),
(39,6,9),
(0,7,36),
Queue 1:
(47,1,8),
(17,2,30),
(45,2,18),
(8,4,30),
(15,5,11),
(46,5,11),
(3,6,34),
(37,7,17),
Queue 2:
(36,1,5),
(5,2,13),
(21,2,34),
(7,4,11),
(28,4,13),
(35,4,5),
(38,4,32),
(6,6,26),
(11,7,19),
Queue 3:
(44,1,1),
(4,2,31),
(40,2,7),
(23,3,19),
(19,4,26),
(14,5,5),
(24,5,24),
(20,6,18),
(42,6,19),
Queue 4:
(2,2,5),
(16,2,37),
(48,3,15),
(9,4,16),
(29,4,20),
(30,5,23),
(33,6,17),
(49,6,4),
(10,7,3),
(34,7,31),

Average waiting time is :22.0